287 449 0
409 354 0
129 335 0
394 28 0
3 432 0
139 182 4581
498 349 3582
114 176 8994
359 432 5564
104 309 7835
111 238 7614
30 471 7835
151 272 5370
253 491 4433
268 288 6149
43 38 8492
187 125 4309
364 242 7626
148 184 6423
158 85 3377
155 130 7502
328 187 3786
8 77 2666
73 39 6218
215 405 4477
17 208 6784
202 209 4726
22 118 6992
468 363 6095
461 67 6671
140 231 5835
93 461 4935
382 255 3819
484 2 3603
247 47 9846
149 160 6118
359 124 5440
357 179 10559
200 54 5924
482 76 6071
42 365 4056
303 443 6913
310 256 5955
53 481 4358
396 234 7547
189 212 7182
181 51 7880
38 425 6796
198 41 8554
447 388 5617
321 432 5891
73 207 6920
264 206 5111
490 419 7344
449 443 5905
169 95 7440
388 279 5338
196 217 3990
459 411 7634
105 272 6241
0 143 8993
218 273 5905
275 497 7391
92 80 5165
291 275 5581
49 21 4984
386 5 6773
141 304 5674
36 42 6884
0 367 5689
458 233 7449
34 279 4494
383 495 8457
119 451 4595
464 320 5609
294 301 6612
334 140 5540
296 405 6248
292 453 5746
67 255 5795
437 295 4449
305 405 5121
239 28 5110
364 235 4418
62 213 4952
475 496 5936
468 49 4118
322 446 9479
333 145 8530
197 277 6678
35 89 7093
223 201 5189
476 27 6032
226 399 5986
165 326 6887
58 251 6126
127 130 7103
174 99 5201
17 91 5837
400 303 3524
368 472 6454
465 396 12160
228 491 6057
294 331 5420
92 410 4048
234 57 6287
246 476 4486
192 433 4475
168 331 6019
81 71 4429
274 306 5365
311 231 5755
397 372 6875
293 197 9760
273 288 6950
78 368 6161
312 150 3422
234 497 4411
70 279 6863
104 339 4875
78 489 3094
291 181 5572
347 195 6786
296 381 6821
297 468 5431
40 472 5241
170 111 7734
444 319 7416
204 200 6942
477 449 3608
497 169 5324
187 466 8216
466 116 4253
73 337 4565
234 25 5322
234 273 9417
150 220 4108
499 451 7251
443 21 5134
381 360 6203
268 88 5955
404 224 9014
110 163 6102
223 176 3405
327 107 3347
491 136 5075
397 292 5877
205 78 3628
452 306 2789
339 53 5593
303 257 5820
50 426 6445
217 352 7246
131 213 8128
377 270 7706
98 242 3629
19 269 8120
349 262 4976
258 256 9035
166 413 5654
74 164 4819
130 55 4243
411 424 3772
226 296 6164
224 187 6047
311 297 5146
282 72 6156
130 325 7727
474 332 5204
115 0 6921
14 74 6030
51 355 6948
369 128 3447
198 229 5720
442 69 5707
479 419 6933
477 49 3023
219 24 5822
149 390 7822
312 215 4187
397 96 5630
54 197 3642
192 56 9036
397 246 4444
217 105 8829
246 20 5874
347 1 6813
68 184 8426
182 348 8295
383 26 3839
81 91 7325
136 21 6439
417 108 3934
253 108 5609
476 376 9715
401 263 5420
416 433 4232
471 181 6640
226 195 4745
150 478 5785
198 379 4726
404 89 4569
381 88 4246
445 105 6016
307 154 5033
385 190 5468
316 100 5593
475 355 6844
349 185 3688
385 130 6372
276 211 6778
435 381 9721
331 485 5982
195 172 5973
247 108 6051
126 433 9258
411 475 6293
452 387 6073
363 370 7624
439 130 6892
221 137 5139
422 184 8308
16 380 6876
304 176 8373
468 245 7836
373 244 7117
141 451 5654
203 304 6747
488 328 5221
88 441 2414
436 430 6552
252 416 6122
313 179 8507
187 118 5745
70 351 4408
144 481 7514
178 252 6418
245 81 5213
210 102 5894
342 356 6318
498 149 7305
402 364 5160
22 20 6550
82 175 4484
112 372 6706
377 481 4890
207 50 5969
129 7 5419
140 374 6482
143 475 8010
489 337 8614
303 418 5623
273 73 6028
168 77 5189
455 286 7764
290 48 7596
38 191 6171
27 325 7364
86 360 7549
282 322 3001
281 289 5508
430 275 5350
111 106 5000
435 339 5414
111 479 7247
395 125 5760
450 393 4900
427 15 9242
268 246 6677
103 73 4891
156 320 4165
83 169 7177
34 103 5237
98 3 4329
491 474 6255
90 469 6787
180 91 7097
141 77 6154
184 161 4971
309 225 4579
335 400 5936
331 30 5832
174 218 5127
169 174 4874
268 462 4739
485 493 6926
72 286 5892
134 359 4426
446 237 4397
161 397 6531
428 51 7359
67 329 5179
229 317 5497
411 108 7873
317 134 6778
355 202 6333
400 465 6932
435 57 6550
248 364 7021
395 85 8188
444 475 5249
39 35 4851
309 197 4096
304 165 4422
265 335 6241
386 150 4012
451 326 6208
277 150 6709
143 127 6081
65 190 2428
214 456 7569
12 465 3305
422 400 7427
125 38 4731
373 264 7155
45 283 8411
409 26 6322
211 296 9105
152 409 6243
321 497 4597
371 323 7760
357 418 4477
253 189 5324
86 453 3727
166 425 5935
303 37 4667
311 406 3605
42 161 6200
421 256 5663
135 284 7469
241 299 5864
244 165 7283
426 367 6746
81 192 4950
338 362 5932
197 28 6366
383 387 7959
244 137 7662
108 255 6565
478 459 7980
397 239 5453
496 491 7358
437 151 5650
50 371 5233
486 81 6003
459 462 6641
217 442 7054
490 255 1764
273 160 8885
412 148 5821
164 42 6034
121 73 7539
336 33 5999
487 243 6235
185 262 9029
3 10 7091
344 151 6468
143 299 8222
213 118 6682
168 138 8470
203 94 9075
349 245 5173
207 360 6005
205 45 5058
228 385 6446
158 363 6536
477 479 5254
141 469 6212
99 256 6041
325 421 5040
9 133 9813
307 210 6647
12 254 7043
465 96 6650
156 26 5495
276 155 6370
200 361 5044
239 154 7485
168 275 5604
327 207 3418
289 95 7041
208 352 5799
413 131 4499
172 62 6515
322 213 5741
364 164 8538
299 387 7232
266 116 2312
258 272 8270
360 226 5703
271 35 7832
126 110 4967
110 36 6620
4 349 8680
259 69 4074
251 291 3884
349 227 6925
470 297 4029
460 83 6191
165 382 6125
264 44 6167
174 7 4435
210 376 7358
48 75 6254
61 482 7893
184 442 5965
91 132 7660
117 293 5612
168 186 5411
101 180 7555
327 129 2365
487 249 5172
191 388 5431
54 384 5162
415 228 4266
353 364 6963
382 114 8448
291 288 3102
491 234 5584
96 399 6274
93 310 4937
350 315 5138
259 140 6433
171 410 4674
388 163 6359
275 451 5157
65 244 4008
140 247 6895
224 160 6456
295 203 3414
19 440 6201
46 82 6482
27 127 3820
349 426 6962
332 473 4539
250 101 8175
165 256 6215
470 240 6069
298 219 6029
470 79 7418
94 15 7361
18 55 5522
286 53 8744
43 415 3184
478 232 3373
135 457 9219
16 494 2807
141 156 3687
209 231 3046
387 344 6916
146 241 6856
10 240 5816
440 91 6912
185 461 5222
36 70 7337
434 470 3108
286 213 6722
466 275 7243
66 414 7602
172 458 7212
84 48 6598
44 356 6164
269 360 5576
290 130 7466
411 381 4257
66 238 7421
322 164 6235
309 50 4756
106 125 2790
226 332 6766
341 271 5734
125 305 5466
262 407 4340
413 403 6142
119 360 4728
61 195 4459
88 303 5631
298 457 4135
396 131 8384
305 449 7128
37 407 9854
287 378 8933
378 81 6771
265 324 6827
332 59 5479
141 314 7373
444 403 6068
174 38 4456
496 240 7397
134 158 5454
166 191 7353
8 229 7782
157 14 4592
242 415 4979
269 350 7551
269 265 6440
425 172 9308
48 177 8557
0 463 6547
197 130 6792
40 140 5132
375 158 8450
18 412 6183
211 136 7108
381 393 4460
116 138 9400
51 202 6248
448 265 5795
177 157 5268
447 167 5911
378 416 6477
313 400 6730
193 47 6783
274 230 4296
281 213 8405
438 421 6621
348 79 6608
52 159 8127
214 341 4205
477 428 6609
364 277 6311
58 148 6112
73 53 1075
400 41 5922
274 312 4971
390 63 7239
281 380 5075
316 225 3990
281 357 5894
365 192 6205
376 142 3633
255 131 5486
296 289 6309
301 182 3821
141 61 6806
477 382 3408
72 159 4394
464 182 6595
381 247 4508
323 308 6075
278 416 6774
104 35 6076
66 467 6132
265 445 6820
136 251 8288
330 83 7957
33 31 7831
154 394 6346
31 299 5679
383 424 5213
110 231 5552
430 430 4606
290 480 3628
113 429 3923
95 229 5054
491 185 7378
226 50 9141
332 369 6134
255 212 7534
192 92 5823
153 491 5423
9 331 2776
142 199 7170
418 386 5465
344 210 5190
274 426 4331
181 110 4907
121 197 9081
1 163 9088
4 179 6249
290 463 6068
301 187 3148
338 419 5326
182 289 6044
221 264 6857
304 251 5873
141 100 4835
88 182 5102
398 455 5183
101 447 3417
334 130 3419
334 232 4373
107 460 4594
44 452 3712
72 395 5387
214 301 5591
99 374 8876
310 145 8691
329 77 7017
74 61 5882
129 353 8456
71 484 7106
429 22 5380
137 428 3090
197 69 3385
464 283 6775
481 249 6445
218 202 7575
266 51 4054
329 166 6763
391 231 7251
19 3 4738
410 464 4686
380 209 7136
239 350 5190
309 325 7760
279 307 4230
274 437 7748
154 467 8736
80 298 3333
311 12 5904
246 219 6029
231 147 9336
142 186 7706
205 484 6273
435 227 5248
218 147 2480
332 184 6944
407 250 6040
115 319 7848
462 15 5910
384 266 7884
497 432 5761
322 186 4816
43 466 5067
213 332 4965
114 273 4894
81 418 5384
247 268 5224
10 214 8745
442 481 6123
173 132 8031
360 286 8377
27 180 4997
444 42 8741
42 64 6642
235 356 4336
375 98 7011
442 225 4996
279 10 1928
177 268 7653
359 147 4286
176 438 5395
151 9 8148
71 303 7496
240 132 5010
156 152 6324
118 416 7682
379 169 2501
126 427 8676
65 18 3532
123 499 5187
331 18 5171
21 393 7420
436 480 6714
461 300 7874
328 255 6331
219 213 5158
369 395 6924
474 321 5667
237 233 5270
165 34 4855
398 19 7421
84 119 5972
71 221 9356
255 265 5150
83 302 1951
485 101 5298
108 393 4989
464 34 5001
249 303 4609
337 393 7646
336 413 7183
30 63 7533
209 180 4330
126 263 4574
194 234 4264
308 373 5042
77 154 5979
158 308 5996
90 264 6362
34 120 6178
361 267 7764
144 95 4945
472 281 7349
230 15 6096
262 450 7545
454 416 6057
164 433 6364
215 324 4599
428 216 6521
474 71 8858
55 33 6396
494 48 7383
413 280 5638
105 344 6423
172 49 6362
364 379 5371
179 175 4754
136 34 5820
230 310 6542
314 20 7072
351 12 7576
344 415 7963
104 403 7382
35 325 7991
251 72 7440
24 66 5585
53 90 5768
173 469 8457
420 279 4107
150 133 5618
0 198 8086
213 424 4150
28 144 3499
28 237 7112
8 28 8283
451 232 5459
49 450 5805
418 166 6073
449 466 6442
72 150 7528
38 453 7929
439 346 4884
108 262 5011
389 9 5575
32 497 8127
489 129 5409
455 24 5187
363 35 5237
384 12 9308
58 440 3123
190 80 6282
349 125 8199
356 459 6167
446 245 4626
335 346 4700
102 10 5242
447 80 8522
310 267 3146
28 380 4676
108 41 2874
39 399 6836
475 398 4868
148 31 6087
187 172 7198
221 168 4850
407 134 5580
297 284 5152
17 172 7150
349 392 6495
275 23 8855
193 349 4026
153 99 7438
148 437 6990
295 38 6392
223 236 4978
14 218 5844
11 184 3904
45 422 3974
142 499 5184
183 308 3313
493 260 5812
329 378 4620
2 374 6507
191 141 5487
9 151 5882
482 128 5676
55 294 5604
23 413 8217
287 266 7058
96 152 5796
236 304 7599
24 13 4560
303 213 5942
438 353 9133
475 228 6138
397 337 5805
192 257 6992
493 150 7809
214 490 4467
304 350 6608
259 244 5914
150 446 6695
24 321 6750
377 451 5693
4 120 7196
111 172 9135
216 231 6272
293 116 6977
57 275 6710
494 143 6208
120 145 5919
47 128 5844
369 74 5649
140 286 6507
24 357 5472
419 19 3740
307 89 7559
252 324 4050
53 312 2992
69 64 9066
331 249 8186
182 152 6980
202 355 4911
457 150 5344
70 118 8299
243 458 5869
330 499 9039
60 338 5162
325 474 4768
421 311 7205
77 176 3576
231 45 5836
494 412 2952
406 390 6198
287 360 9008
323 45 7886
4 455 6693
208 276 6027
85 79 5897
291 141 4704
326 261 9512
107 218 7260
230 415 6195
210 240 6587
303 67 5767
453 212 3582
242 225 8260
226 132 6268
58 288 7679
282 485 5689
164 340 4487
359 9 6445
380 46 4661
231 295 5322
325 350 3914
428 124 7687
67 197 4565
420 172 4643
374 436 3467
360 135 4429
276 390 6297
227 241 8653
431 30 4205
262 251 7452
76 243 2719
414 485 9149
351 308 8580
391 389 5752
347 497 5383
385 20 6045
437 142 4163
65 364 3792
155 180 6056
190 361 6343
72 187 5515
219 395 7486
119 212 6916
468 251 6843
485 44 8619
265 37 3297
270 98 7921
76 75 5515
294 122 3572
264 238 3893
498 180 6250
495 478 6006
490 21 3822
55 422 5821
6 125 5626
316 391 5327
80 308 5268
388 494 6783
2 265 5492
490 170 5669
379 351 6564
334 42 6981
455 109 7737
424 193 1545
316 61 8027
5 312 4554
119 87 2892
188 411 6976
238 3 5815
393 429 6162
374 66 7475
259 123 8154
81 328 7085
100 396 4609
162 421 5643
56 416 7975
472 412 5143
354 494 7153
275 87 6963
457 386 8893
470 4 3063
103 244 6725
151 258 5871
299 161 6536
117 204 6855
194 267 7379
409 192 6909
485 212 7891
266 373 5120
250 338 7813
228 61 3464
218 294 4424
58 258 7361
193 5 5150
55 113 6053
295 461 3920
191 63 3916
202 177 7692
491 113 5913
234 71 6709
327 50 7323
101 472 5000
8 353 6506
208 426 5443
106 237 7742
226 66 6374
177 447 3963
75 455 7446
387 137 7090
114 17 4439
55 192 6712
181 5 7328
159 173 7494
194 73 6700
158 287 2499
184 131 5071
173 31 5095
427 439 6969
448 75 5049
407 276 5155
11 494 4217
144 322 5962
345 464 7628
472 379 3812
197 356 5824
261 96 4133
180 199 6270
497 154 7063
238 34 7519
47 337 8769
78 65 8988
150 330 8505
293 98 8698
105 425 4246
453 331 7248
262 437 3921
465 236 8059
278 32 8737
496 192 6787
123 319 5515
25 4 6108
374 282 4903
146 377 5685
14 16 7063
128 151 4452
371 483 8621
124 485 3768
173 353 4989
329 138 5299
176 331 4983
446 146 5629
93 56 8253
146 79 8683
29 463 4512
335 174 4315
72 371 4550
408 385 6990
479 168 4560
14 288 6748
341 183 4507
398 90 6164
484 204 2841
392 469 8331
298 230 2516
11 41 6178
268 273 6928
194 239 10730
490 159 7163
147 140 5280
278 62 7679
287 435 4901
53 126 5479
40 150 2055
383 273 6686
253 331 7041
392 248 6177
255 177 8437
6 115 7575
194 423 5950
262 384 4341
177 127 3728
359 426 7057
13 4 6054
143 25 5924
93 256 4520
324 386 5061
370 268 5222
460 323 3999
451 156 3050
168 405 5295
354 149 8147
310 414 7853
179 163 4453
421 131 4843
153 293 6149
386 243 5927
37 17 6001
25 296 5151
418 139 5548
360 183 2733
406 179 5510
233 221 5685
16 362 5733
150 107 5625
486 396 7644
362 64 9011
475 127 4711
461 62 7501
318 436 5754
401 285 6512
289 417 5935
292 3 9399
50 57 5342
446 203 3180
72 401 6765
232 478 5126
128 495 8869
456 7 4941
348 331 4754
432 161 7821
91 232 6697
0 419 5325
241 240 3388
268 192 6419
94 416 6516
379 309 4705
225 325 6966
159 292 5352
90 162 6485
387 79 5352
61 89 5138
114 153 4920
64 277 6174
450 107 10003
60 413 7460
90 39 6468
314 450 4340
348 434 7293
222 356 3545
332 160 6963
279 411 7013
275 106 5474
313 279 4675
183 169 8206
203 166 4434
382 343 7165
182 234 4369
354 169 7791
129 118 5191
101 282 7502
243 144 8149
375 213 9053
469 221 4737
379 487 5152
413 357 6345
289 123 4824
352 35 4567
476 104 8339
136 490 6856
412 205 6153
443 458 5112
338 21 7299
377 42 9305
172 124 6831
498 164 7660
471 350 4714
451 30 5238
262 82 3709
13 23 8094
70 231 6219
93 22 5449
187 185 5410
255 10 4899
497 121 4653
313 105 4966
102 104 5297
31 173 7265
98 304 5872
383 234 7600
247 391 4562
236 136 5204
101 323 8506
99 338 5918
330 424 5934
453 409 6211
340 491 5803
13 479 6946
330 396 5467
431 156 7066
251 67 6615
241 332 6157
198 200 4166
495 246 5331
89 173 4561
406 373 5025
234 12 4975
386 39 4101
79 342 7603
77 226 8277
146 352 6712
463 376 7301
364 125 4671
332 206 5085
294 312 6950
472 437 6288
482 376 4230
208 22 6025
386 382 7316
297 375 6038
237 385 3332
409 222 10165
244 308 4884
104 206 5435
143 116 7264
242 187 6241
405 304 9205
165 307 5124
224 287 5532
101 95 3889
372 297 5928
11 86 5909
434 22 5466
227 110 5971
189 451 4582
452 189 5097
227 426 6599
367 184 4984
155 378 6286
226 266 5167
476 288 5616
125 467 3163
341 167 4743
126 369 7306
281 201 6270
300 331 6679
396 474 3180
86 311 5906
131 105 5362
201 490 4967
279 275 5633
95 90 10954
200 316 1850
360 57 5133
137 13 5944
129 380 4598
365 111 7723
371 338 5685
57 101 3400
35 289 8294
261 495 7231
299 85 8039
173 167 4934
396 218 5406
419 476 4844
126 213 5605
490 296 6735
271 212 2581
309 382 5277
57 494 4472
0 81 7105
376 30 2675
120 481 6841
156 203 5936
117 10 6012
461 134 8241
37 231 5169
385 476 6086
77 354 5911
100 63 5062
317 34 1664
297 143 6170
306 474 3176
114 314 10336
32 85 3389
151 208 7033
494 318 5894
249 317 8530
415 201 3736
91 44 7183
12 68 5173
166 399 6337
358 384 3210
48 329 7233
220 332 7474
88 424 4506
307 15 4653
339 161 6493
122 405 6689
96 266 8111
300 359 6530
356 74 5106
37 145 4704
198 254 6671
463 264 6074
471 463 5815
335 332 5055
180 29 5151
233 6 4616
495 354 4642
361 470 4231
193 146 7496
114 342 5381
438 63 4341
486 347 6020
414 114 6798
257 305 6046
386 372 3318
175 399 2631
344 478 7435
245 453 6274
43 321 6329
344 119 6409
428 309 4638
179 238 3190
253 16 4737
451 218 4033
485 65 5881
133 266 5099
492 10 6816
4 331 4288
46 386 5770
454 448 6936
170 307 4202
408 232 5451
253 402 5050
353 122 4762
414 390 9536
457 97 8144
271 234 7521
169 201 5559
344 39 5194
90 335 5801
491 83 9178
410 9 4135
416 160 6514
455 260 8019
266 301 6724
348 165 8790
464 109 5545
417 321 7253
162 315 5555
259 163 4081
85 106 5569
484 342 5147
59 78 2315
454 117 6272
237 473 1499
72 269 4158
46 90 4605
340 286 7509
370 44 6423
392 323 7920
391 98 6970
496 360 9450
29 283 5479
452 255 5186
192 273 4002
421 218 4571
281 363 5821
338 237 6417
19 252 8373
172 424 5997
415 81 4835
215 169 4861
204 220 9162
214 59 5355
137 87 6089
462 243 7482
361 86 8625
231 352 4529
16 36 9410
268 23 7073
125 447 5740
473 8 5362
376 134 3526
302 246 5612
324 339 6969
424 86 4422
483 93 2283
456 342 8188
281 424 6151
23 79 9395
19 140 7025
239 485 8011
452 93 5030
206 406 9043
15 452 6768
416 152 2659
183 38 7697
143 30 6924
88 249 6833
468 442 5771
301 135 8075
115 90 4185
193 190 6816
219 223 6171
209 11 7031
439 235 4815
231 443 4323
304 392 3594
339 150 4323
122 181 5814
422 467 6056
494 53 7323
157 368 6058
330 172 6283
251 135 6701
167 489 8396
247 356 7229
309 452 5364
396 358 3716
113 435 4097
45 439 4617
318 358 4517
244 377 8058
226 208 5644
480 41 6715
108 279 4775
358 161 5042
285 109 6751
229 218 5678
150 148 5879
186 422 4351
475 96 6218
403 129 6897
111 411 4022
365 282 4996
22 100 5030
315 302 6974
371 405 6128
30 18 7570
444 429 3628
498 220 4139
3 99 7012
122 105 6083
265 477 4998
216 98 7137
413 189 5394
293 246 6302
91 294 6681
336 261 5801
383 83 6934
292 432 5617
478 33 6604
8 430 6297
128 459 6804
363 20 7169
130 464 6270
202 104 2505
6 92 5883
422 289 4432
62 391 7006
37 116 8343
228 274 5792
350 208 5124
395 447 7711
303 320 6507
483 174 9163
153 41 3605
470 317 6784
182 301 9170
488 223 6827
298 442 6042
290 325 5178
359 331 6513
124 33 8918
326 68 7739
394 331 3747
388 84 8015
167 467 6062
180 123 8257
316 296 5351
277 127 6967
5 492 4975
103 455 3104
270 432 7120
318 453 4464
304 236 6969
368 83 2211
155 332 5940
66 132 5714
303 21 5269
460 338 7926
428 487 5325
113 158 2839
238 468 5617
58 320 7195
412 289 6205
324 55 3803
88 279 6656
94 202 6850
495 470 3087
162 265 7902
458 180 7526
317 467 5571
169 342 4010
78 292 8602
222 155 7748
395 394 5125
59 381 4868
48 166 8148
458 139 5452
485 179 5457
185 384 6505
208 453 6174
187 11 7714
50 171 7623
281 154 6417
449 483 6320
30 115 7916
459 173 4071
133 482 3608
161 487 7229
54 11 6260
297 486 5506
428 284 5007
207 210 4436
443 249 6851
260 196 5878
235 144 7334
120 125 7032
130 187 6475
62 153 6163
341 323 6299
231 300 8507
481 153 5459
62 446 6711
4 397 7745
155 431 6740
36 379 9087
128 43 6309
459 452 6719
411 397 6211
95 362 6609
431 391 4495
158 281 7926
212 2 5067
60 461 3902
151 85 7113
367 409 4453
46 121 5675
23 457 6069
103 463 4738
32 96 7968
107 14 4769
18 328 4700
360 403 4901
246 208 5836
281 312 7854
261 285 4049
313 463 7736
187 220 4357
41 184 3562
381 136 6864
213 368 7615
409 266 5712
310 119 4089
162 301 5382
347 254 6251
385 206 3954
115 23 7379
359 411 6780
225 480 3042
50 149 5211
275 119 8802
124 22 6460
202 464 4513
119 33 7415
228 404 6324
296 425 5617
432 223 2607
428 345 6814
382 278 7184
273 245 5442
178 452 4926
421 113 6203
477 306 9199
160 447 5408
268 219 6164
30 161 6539
180 193 6170
231 397 4147
23 134 3224
123 60 7556
76 237 3865
204 250 6358
405 61 5042
411 58 5801
258 380 2638
469 259 10599
401 198 1786
190 299 6206
224 150 6015
135 402 3143
318 250 4057
217 310 7352
246 488 3593
346 471 6472
148 36 5328
83 436 8865
243 277 5226
486 385 5785
177 182 3110
412 444 7462
191 381 7580
218 499 4234
386 436 6213
72 12 7947
101 162 6451
232 39 2999
457 475 5226
39 178 6409
15 486 6668
394 407 7260
421 62 6065
389 103 7635
23 366 5903
438 5 4893
227 391 4626
292 171 6730
370 115 4046
408 320 6352
286 100 6235
125 388 5324
184 367 5783
275 372 5199
419 180 4674
363 203 6488
31 151 6534
19 261 7062
318 74 5798
93 474 6270
252 387 6827
94 382 4182
416 7 5220
494 274 5004
499 441 7452
211 87 4398
242 177 3858
244 249 4825
458 47 5857
161 336 5043
78 389 5487
227 7 4591
25 376 6220
389 301 3023
321 314 3290
369 304 8503
214 410 7697
112 364 8700
173 415 6466
291 308 3974
430 410 8148
303 81 4953
468 372 2249
355 241 5654
346 388 6578
131 64 5249
496 100 5832
220 0 6865
130 229 5926
100 147 3597
197 9 4231
355 236 7260
281 468 6713
29 243 7406
372 372 6009
199 404 3565
395 195 4383
28 224 7027
18 200 4643
387 484 5953
292 216 6530
287 21 2511
105 131 6311
358 253 7237
360 448 7159
147 287 5123
184 87 8018
439 193 7229
333 494 4842
109 318 6516
475 14 4433
35 465 5455
209 446 7068
469 155 7544
330 325 6562
285 33 4180
224 444 5035
485 412 5432
416 27 8769
36 333 5931
287 190 8288
124 94 6757
95 162 5269
129 99 6601
302 307 5512
159 255 5388
183 95 6176
234 314 3949
36 319 4468
109 24 7324
303 428 6317
210 252 6271
112 485 6978
315 198 5270
105 66 10676
467 228 6092
426 299 5049
302 364 6120
493 39 6629
203 434 6184
452 398 3172
131 392 5312
151 383 6820
316 287 6035
453 179 4411
170 474 3806
105 358 6509
447 376 5736
493 323 4442
358 119 3979
287 409 5284
374 199 5591
81 396 6790
114 266 7662
493 88 8383
464 164 7325
447 491 6785
259 37 6551
108 303 5274
46 211 3671
102 40 5677
119 381 6728
39 22 6916
332 243 4706
185 275 5663
172 247 8864
108 376 9201
452 55 6268
94 182 6085
45 135 4633
496 285 5899
396 141 7200
494 34 10261
361 340 7281
116 469 6617
497 400 6862
90 400 6008
55 403 5883
317 347 2791
250 263 4281
453 487 6290
52 322 6615
422 1 5334
220 32 7696
448 63 6673
443 290 4795
179 118 7748
376 110 9164
53 284 5281
154 226 6691
47 478 5347
41 120 5433
430 425 4942
415 144 8248
251 38 7569
164 150 7267
357 65 7017
406 240 5340
150 128 5163
170 452 7553
437 35 3933
258 490 8657
170 152 6682
369 143 3513
334 105 6988
9 34 5437
35 80 6657
180 42 6279
282 453 5275
224 347 6259
182 492 6599
248 115 7068
249 202 4640
154 315 6125
146 194 5604
364 27 7123
238 124 5165
496 375 8485
271 283 4702
190 308 5938
442 335 7034
88 221 6371
114 77 8271
262 73 6731
381 103 8015
261 129 5937
135 464 2622
454 65 5644
63 385 5778
202 265 5251
272 3 6833
377 462 7799
350 463 4774
86 227 4108
370 313 5426
14 192 4612
210 80 4284
218 76 7607
72 327 2351
300 437 5707
182 246 6454
143 432 5743
416 97 8739
38 8 5009
457 166 6132
365 451 7358
485 451 3633
117 277 8052
393 71 6106
457 58 9833
455 131 4825
42 350 6678
109 421 6534
389 122 6417
61 47 6797
398 56 3530
425 238 7293
287 246 5924
434 249 8914
247 97 6916
40 107 5608
434 238 6231
358 379 7890
256 337 5950
15 144 6812
16 475 5873
154 458 6599
407 271 4790
114 491 10656
453 274 6966
402 320 7270
143 357 6715
187 41 6716
357 40 5570
39 221 7397
0 312 6805
275 257 4514
259 174 2450
288 425 8042
30 57 5451
401 411 6840
17 304 5612
314 372 5734
361 70 6081
90 138 4624
88 201 3922
161 114 4840
372 460 7109
82 270 6896
229 257 5347
277 190 3719
30 9 7377
310 244 6580
441 108 6626
487 288 5941
252 2 4538
194 197 3340
351 383 7590
340 309 5532
163 463 5783
99 15 5446
53 105 4854
270 57 3228
72 30 6445
41 306 5919
139 296 8456
277 100 5302
34 181 4616
350 342 5280
315 55 7310
177 257 5291
182 380 4462
120 371 5591
2 154 7554
109 312 5771
62 35 4920
158 103 5264
459 73 6175
104 191 4253
238 159 7273
365 301 5876
264 146 6150
399 389 7198
32 444 7171
377 93 3968
10 202 7164
167 265 5124
263 314 7334
360 1 5745
427 223 7728
436 449 8107
105 295 8860
327 115 6959
376 322 7363
303 314 4573
220 85 2935
163 273 9592
361 108 5994
85 111 9378
78 437 8149
129 164 5722
217 63 4330
390 400 5798
446 348 2583
491 27 4728
129 76 2620
422 102 6976
395 277 4798
296 242 4891
35 310 7466
230 285 6673
274 28 4430
25 259 6651
72 360 9806
463 389 4294
175 363 7216
411 91 6189
459 120 4555
400 447 6382
265 188 8070
88 499 5515
461 332 4023
424 8 4809
332 122 6425
463 46 5398
443 99 7809
66 262 5775
58 127 6899
144 204 4963
108 168 7206
424 210 7501
165 446 5300
318 139 5517
478 224 4563
283 463 6055
221 128 4245
263 14 5771
357 277 7269
445 181 6997
171 239 6177
316 406 6484
497 226 6945
395 48 8296
432 312 6149
342 13 5754
424 494 6099
38 391 3453
77 181 6921
405 38 5644
108 436 6161
401 2 5662
306 461 4705
16 244 7386
281 391 11241
177 411 7333
78 169 7636
33 491 5784
210 483 6592
486 469 4779
17 82 7328
96 292 5578
492 367 6338
71 108 5806
344 446 5848
333 364 4415
15 314 5953
326 147 6986
437 410 5171
420 36 4692
60 303 5503
50 499 8609
14 280 5739
316 94 4119
145 396 7117
201 234 3961
366 444 5856
192 0 6011
18 63 6583
471 160 6106
211 309 6748
18 153 6379
328 346 8209
201 325 4506
469 494 8009
114 328 6377
258 218 6050
52 41 5451
435 110 4113
200 157 8130
433 400 7020
403 145 7636
125 272 4725
123 121 4149
255 317 6457
231 322 6106
462 429 5304
359 102 6384
496 21 4462
337 63 6521
469 405 6267
353 197 7181
365 332 7219
21 160 4825
254 206 4790
451 427 6267
425 362 4956
413 241 7405
79 405 5531
224 433 6019
292 160 8529
239 320 6299
212 125 6870
5 167 6086
250 463 6258
345 67 5824
34 221 6085
2 342 9265
33 258 6827
94 492 7341
412 262 7538
459 394 4637
215 219 4873
422 304 3853
239 203 7925
32 270 7089
137 173 5696
167 51 3101
333 280 4164
56 268 7535
212 388 3494
435 333 8925
281 228 6599
308 395 6847
492 302 4945
347 157 8994
51 185 8302
344 76 7536
422 42 5890
258 22 10397
225 310 7141
388 431 7653
483 297 5929
57 446 6265
469 101 4686
308 43 7837
56 207 7888
186 496 3666
238 210 5837
180 403 5011
149 57 9131
355 94 7445
122 310 4756
413 13 5563
451 321 6868
252 159 6232
66 24 5234
148 452 4109
232 96 5386
254 301 5597
389 183 6609
295 394 5762
194 182 1645
22 194 4131
142 273 5088
306 340 6991
316 320 4798
474 153 6642
76 303 4990
35 129 5908
311 184 4808
146 252 4014
483 266 5809
136 191 10176
337 327 5142
351 132 5991
175 326 3781
378 17 7100
205 379 6264
427 454 5607
458 433 3221
465 312 5508
276 475 7781
233 268 1882
305 331 5901
378 334 9166
480 64 5177
228 498 4714
207 312 3778
141 421 6706
35 373 4889
2 59 4465
286 279 6467
345 268 7594
254 409 5333
98 45 9768
228 374 4570
183 76 3678
83 386 8603
110 226 7674
117 43 8268
391 461 5457
461 470 10187
253 283 4600
318 88 4415
80 347 5907
431 139 6244
161 146 6799
424 462 7005
77 117 7225
424 70 6639
316 268 5517
239 15 7066
349 421 3909
397 108 8676
21 28 3317
255 54 5916
382 457 6047
265 179 6650
384 195 8345
181 82 9674
136 40 5313
39 202 4892
26 476 7762
359 207 6016
471 286 5687
363 255 6618
287 398 5809
74 19 6636
465 359 5659
395 401 6914
117 336 4367
79 21 5535
254 146 6001
49 14 6129
498 279 5549
270 204 5195
485 418 8518
257 432 7004
61 170 4370
448 277 5238
419 251 6371
321 156 6052
192 247 3730
289 106 5173
106 479 4437
11 117 5817
148 14 3734
358 272 7241
152 249 7111
203 134 5823
199 110 4654
199 475 6949
74 195 5064
6 194 7120
304 108 8021
170 395 7708
245 368 8612
34 342 4640
51 27 2359
23 430 6372
425 353 5147
423 137 4158
344 261 4592
179 144 3545
368 435 5574
278 463 6534
362 296 5793
230 202 5239
98 191 8272
452 301 6492
452 196 7518
455 279 6187
232 360 4053
322 322 5628
99 23 6085
275 92 4967
431 174 8413
489 124 6245
166 291 7156
85 288 5386
74 1 5365
351 83 7264
292 489 4999
31 347 7055
125 232 8653
328 390 3749
163 26 6720
317 185 3985
451 438 7432
119 298 5651
43 54 7321
288 72 6886
20 9 2869
286 297 5862
57 327 6249
29 254 4154
166 298 7081
285 43 9357
257 186 7262
344 363 3543
69 453 4758
218 195 6042
104 495 6542
342 404 5131
173 492 6300
456 199 7029
104 351 8626
403 114 5715
197 320 5228
111 136 2763
120 67 6112
428 34 8809
305 279 2375
439 276 7434
340 225 5800
161 55 5590
243 362 5565
109 443 8766
429 77 8325
1 111 4025
378 203 7455
497 386 6937
117 229 7469
85 240 7838
105 4 7743
64 429 6927
150 430 6217
423 122 7920
456 494 6562
315 333 6562
87 155 5385
132 437 5582
60 244 6338
331 447 7000
83 138 5356
48 487 7237
206 398 5882
114 143 4509
211 28 4748
388 172 6777
412 120 6610
431 203 6920
150 215 8501
389 58 6657
149 421 6014
401 24 8033
439 281 7434
333 458 6273
236 256 6087
473 33 4374
469 20 6438
216 185 6306
263 357 6229
421 328 8441
438 458 3747
244 336 5500
159 138 6639
326 93 6187
421 157 7821
187 70 5357
497 105 5424
115 448 6514
55 6 6565
75 426 5064
471 167 6819
293 53 4483
369 163 3234
193 405 3439
397 14 5700
334 47 6781
98 58 4678
119 113 1046
130 442 8224
101 421 7910
87 209 6532
229 123 5563
9 369 3591
479 471 8267
461 457 6759
366 428 3476
13 46 7788
287 272 6034
186 326 7168
209 205 6870
166 221 5237
86 215 5914
95 280 5093
349 214 5646
375 378 3945
86 58 4155
279 261 7404
243 172 6259
67 473 7169
207 466 3504
31 336 6325
118 28 4709
123 140 9114
315 315 7031
41 96 4690
9 387 7904
406 444 5188
269 297 5398
3 244 6053
372 208 4520
387 450 5042
168 116 7623
113 280 6695
111 115 7054
2 282 4789
419 148 6265
95 7 5284
281 36 4008
474 391 5528
485 137 5577
36 247 6539
345 175 4152
146 21 8199
197 62 5621
269 489 7676
462 217 5980
237 369 3704
321 292 5091
145 46 7730
82 468 3926
115 63 6696
284 83 5426
454 143 5735
288 442 2574
357 346 6448
384 156 8636
341 276 5210
332 54 7365
481 199 5040
80 318 8919
219 207 5519
466 74 3386
370 134 5864
82 181 5902
203 84 4427
442 75 6832
50 405 5196
36 363 7376
139 485 7791
210 282 5673
452 292 5411
81 204 5960
203 21 4190
39 50 3981
442 189 4632
386 320 5972
496 407 6776
23 169 8040
171 252 7394
184 211 3624
350 449 2951
102 214 1419
379 434 5875
360 301 5754
56 48 7073
313 220 7175
164 478 4389
153 111 7003
70 444 7404
328 197 5683
11 179 4161
163 472 4604
288 233 4813
399 213 5883
173 56 9279
24 470 8192
333 191 8144
215 379 6370
310 132 7045
89 92 5192
357 477 6302
89 146 5772
67 30 6707
326 485 5437
321 463 6186
491 96 3368
367 224 6523
269 14 5378
493 439 9138
8 318 4539
347 9 6617
349 443 7413
135 218 6388
60 224 4252
133 415 5661
50 361 6091
367 467 7947
481 325 6959
5 302 3430
477 344 4623
64 71 3801
34 141 5445
241 425 6252
301 193 5042
143 211 6655
75 493 5569
168 337 6230
77 102 3768
325 409 3924
126 50 6731
130 475 5006
434 323 3883
442 206 7761
407 158 6325
147 457 7995
236 165 4972
458 489 6837
87 193 4340
343 216 5120
202 27 6083
295 148 5001
120 4 6062
282 497 8235
81 85 4820
113 52 5489
193 222 6067
100 28 5945
165 388 3867
254 233 5720
365 149 5867
386 92 7455
286 220 3539
322 115 8398
320 16 5449
257 458 6438
143 460 7330
236 392 6046
383 416 5952
119 82 5749
212 176 5760
125 205 6661
125 115 7745
6 413 5848
224 219 6215
463 414 5708
151 354 7681
29 208 5899
477 362 4174
2 28 1772
429 319 6686
318 207 4523
446 54 5431
305 149 5693
382 216 5987
373 168 7044
24 496 6658
17 367 7482
413 252 5007
202 286 6709
8 108 7632
265 156 4880
377 254 6116
164 458 4229
185 55 4285
12 102 7449
287 161 7571
159 40 6826
70 246 8222
222 378 5617
139 204 6749
409 454 9683
143 172 4716
210 478 4482
135 385 6423
281 187 8907
70 477 8069
431 103 6562
405 351 7553
471 194 7590
301 30 5722
474 111 6011
135 143 7862
238 450 5963
299 2 5029
475 416 5003
14 354 7503
257 326 4161
59 22 5307
93 222 7677
323 416 5034
97 130 7362
230 467 8370
266 395 7785
118 158 4731
41 330 7870
269 144 2645
235 216 6307
202 424 5270
212 270 5137
339 383 4817
110 450 5133
17 96 9490
375 356 6512
392 118 5714
480 186 4667
13 319 5240
339 201 5348
47 192 4822
203 14 5652
279 338 5231
400 436 6546
22 46 5914
48 240 4901
126 250 5127
223 114 4907
408 310 6451
487 53 6469
269 104 5762
397 120 5610
367 345 4877
367 492 4623
233 229 5312
4 441 4405
312 69 8987
4 15 5672
357 369 4452
393 37 6910
264 229 5451
219 368 3250
483 333 5459
36 415 9205
236 404 4243
221 47 5745
125 0 6056
81 381 6059
68 48 4218
182 418 7353
284 206 7066
10 19 5110
444 435 5203
97 330 10033
163 352 6361
163 216 5181
365 480 6302
373 309 6229
66 177 5138
414 257 3179
151 3 8540
197 34 5231
112 31 5179
217 363 5099
177 388 2388
371 220 7142
273 318 4623
209 287 6010
355 50 3609
307 159 3664
377 327 6928
296 26 5622
366 178 8795
247 434 5906
2 33 6068
104 78 4695
50 400 5803
389 359 7063
370 230 5246
147 123 3716
136 278 3204
323 391 7604
187 433 4432
403 478 6829
394 269 5332
403 398 7640
133 246 7793
200 224 6563
67 317 4017
301 60 9275
245 68 7022
275 343 4322
174 104 7521
95 147 6207
41 435 8827
252 472 5870
78 432 4584
355 298 3487
429 415 6626
134 293 5728
57 236 5504
200 300 6092
353 355 6423
419 55 6716
409 346 7363
175 75 5916
398 495 5718
208 264 4675
235 434 4421
345 238 7609
478 436 7209
301 48 5088
461 258 4277
390 153 6324
134 71 9638
196 152 5217
360 92 5390
2 403 7017
340 335 5857
285 131 7010
120 19 6132
212 68 7065
25 408 7167
252 457 2576
495 419 6404
430 326 7547
253 480 6680
472 146 5659
373 384 4483
291 229 9904
304 379 8512
53 95 6929
36 226 8139
230 472 6090
172 265 4736
102 48 4136
6 248 7086
75 260 3082
287 226 6415
482 259 2947
247 62 4862
214 416 6467
136 258 5660
263 416 4479
499 198 5102
231 262 3876
441 488 6108
28 273 6119
50 223 8723
94 110 6432
272 136 4463
93 35 6800
257 465 6454
14 324 8641
423 411 4676
110 94 4163
352 320 4578
433 405 4898
205 245 7251
2 207 3052
31 385 8109
278 218 5784
478 212 5954
133 121 8026
109 81 7221
18 374 4623
405 485 3946
204 4 5121
369 121 5031
90 482 5752
212 191 6710
303 295 3988
316 245 4013
346 101 5039
347 401 5268
336 446 6751
160 453 6789
410 493 5536
164 133 3146
89 115 5046
429 332 6446
337 244 10251
66 108 3889
72 130 5795
471 173 6752
7 5 5953
444 311 5370
75 443 6759
241 114 3338
429 373 5046
338 427 6244
233 343 7658
436 123 5750
285 473 5352
217 140 5605
435 44 3709
347 286 6292
133 495 6535
122 236 6384
266 135 4611
188 201 6534
280 89 6335
170 389 7356
419 361 4735
77 274 4253
149 94 3461
250 250 6275
26 97 4953
301 205 3345
391 372 6053
162 165 5541
249 8 3915
23 221 5246
440 254 3420
132 365 10331
313 494 8072
334 212 7067
201 310 5335
307 218 4482
488 434 7508
392 296 6780
168 316 6196
130 90 5141
134 447 5220
195 363 5333
82 232 4702
326 15 8884
67 4 4899
394 499 5938
30 430 5451
415 335 3919
204 445 7616
121 394 5739
170 211 9167
407 77 5970
81 493 6074
401 329 5840
480 487 4396
482 115 4998
403 342 6023
277 282 7154
433 302 3950
355 218 5432
250 239 7969
283 61 4664
420 437 4781
296 191 5128
172 2 2801
357 131 7245
315 8 5026
267 390 6436
360 141 7399
203 293 4903
443 494 4929
128 83 6572
307 291 6450
271 478 5798
419 49 5600
472 65 4891
418 70 7365
84 372 3960
463 212 5907
235 193 5370
462 253 5473
329 98 7253
218 51 6819
250 345 7094
447 226 5972
446 25 7110
274 67 5261
6 382 6913
52 257 4161
394 66 9146
88 64 8396
363 159 6991
328 233 7219
387 330 4845
257 152 5294
18 463 6703
308 31 2552
322 36 5508
71 366 4147
204 475 6172
142 261 6183
301 399 8346
223 259 7142
219 162 6581
198 185 3938
264 281 6075
165 178 6736
338 441 7058
269 409 5675
499 291 5132
194 23 4980
388 287 7828
312 113 4734
326 451 9657
40 385 5222
384 53 3522
239 56 8256
321 485 6885
134 130 6396
274 17 6834
151 486 5983
3 289 4353
190 489 6710
208 491 6239
84 160 5256
331 311 7904
479 368 4334
488 70 7867
197 435 5541
378 242 6314
490 361 5746
409 409 8154
403 103 4836
484 402 5506
369 286 4592
189 293 6151
99 247 7931
299 338 3749
363 387 6804
8 234 4541
37 171 7065
229 92 6628
44 377 7277
63 165 5827
323 491 8553
98 115 4735
462 352 5365
187 337 3945
328 470 7301
188 101 4768
65 492 4510
325 227 4627
187 50 5437
254 195 7642
155 0 8059
365 97 3700
379 384 4429
355 397 5426
412 173 6115
436 68 9027
434 130 6766
287 372 7153
176 465 2943
364 359 7705
358 190 8877
277 485 7297
114 304 5126
410 301 6318
130 171 6773
325 396 4279
215 72 3816
268 320 3983
454 245 4271
482 431 6823
265 255 10072
63 127 9137
268 312 5452
101 197 3688
314 432 4945
407 337 6708
252 85 4127
469 419 7805
346 337 7421
25 203 2827
104 430 2289
268 452 4625
463 369 7781
493 389 6603
87 257 10215
2 427 4495
329 221 5106
391 23 5033
402 67 5685
346 27 8851
336 75 2587
156 418 6751
494 338 6404
135 100 7161
277 296 5814
461 306 5646
249 181 6477
464 150 5900
337 408 5965
137 162 5280
369 368 5841
303 469 6329
418 471 7767
108 472 4046
78 374 5347
472 273 6234
370 17 5615
126 396 5845
129 124 6077
281 168 1270
124 15 6646
111 192 4106
413 429 4596
14 418 7067
11 457 6581
199 396 6604
181 397 8700
265 430 6026
465 467 4907
40 291 5155
424 75 5736
227 22 4304
19 237 7810
227 291 7347
210 460 6407
40 444 6269
237 83 6762
450 173 10295
427 159 5873
180 362 4572
443 216 5143
441 439 6968
238 221 7066
264 456 5021
129 180 6247
250 224 5623
245 409 6890
412 307 6297
379 474 4894
339 486 4908
171 445 5275
436 244 5290
97 50 6453
237 375 6808
402 255 4631
4 296 8616
261 461 6845
190 152 5520
431 67 7732
295 251 6239
45 400 6378
428 168 6162
112 333 8238
251 167 6420
430 119 9328
13 156 7485
377 428 4096
492 350 4473
439 402 7571
157 70 6999
337 117 5232
23 465 5361
453 45 7491
134 319 6316
255 59 8086
239 359 8335
48 292 5876
286 3 5767
493 251 5823
22 316 6607
289 353 4094
487 238 7572
139 368 5130
351 349 6684
41 410 5639
486 16 5607
316 164 6939
431 94 5858
263 400 7186
184 343 5878
284 93 6040
175 306 7616
339 341 6115
187 20 7052
402 312 5410
207 189 7291
414 212 8571
193 454 8959
355 484 8300
380 3 6682
459 125 6071
248 499 6135
52 350 7882
307 487 10477
370 38 8446
175 213 6227
274 444 5540
338 299 5355
65 419 7673
145 266 4962
204 371 4402
98 313 7763
349 296 5954
260 266 4101
282 342 5246
425 431 6747
107 323 5248
451 282 7906
447 368 6381
153 137 6574
370 62 8028
290 259 4346
18 299 6847
221 471 5900
320 232 4486
86 3 7103
99 407 5480
159 269 1635
371 451 7930
415 102 6183
202 121 6184
259 17 9937
33 203 6096
350 69 6186
79 57 5594
198 409 4521
56 214 7762
31 406 7234
64 40 4068
487 60 3172
434 417 8686
459 19 8814
245 33 7791
111 149 7942
433 465 8109
375 468 4143
354 336 4014
151 339 4489
56 432 5569
360 30 6311
480 19 5554
341 25 5669
337 112 5481
192 160 9295
203 33 8120
354 289 5648
325 191 4341
260 0 6653
461 41 5394
46 34 6958
34 438 5521
85 15 5943
51 232 8581
64 440 5867
110 10 5206
162 245 5037
280 223 3433
172 192 10214
194 15 4518
377 11 7042
213 433 7467
15 126 7196
76 34 8232
446 155 5102
349 277 5204
236 327 6687
295 295 4652
430 496 1108
85 355 6505
1 189 5650
70 311 5493
153 400 5776
304 454 7016
232 253 5389
439 396 7664
164 346 6331
479 4 5627
259 181 3824
187 113 4461
195 441 6924
112 387 5447
326 134 8698
122 152 7743
4 387 4923
440 359 5342
18 310 6232
140 331 6267
258 481 3807
219 449 4119
399 483 6242
152 166 8046
101 235 7562
482 311 6971
376 457 4350
28 188 6800
333 428 6637
396 169 5347
383 179 3928
149 236 6477
108 284 4814
13 164 6178
189 481 4133
124 8 3894
207 236 5294
98 224 5489
293 361 6966
300 148 6686
135 472 7827
190 476 7122
