94 450 0
97 170 0
396 262 0
368 474 0
342 47 0
132 450 6647
94 127 6115
196 262 4786
454 148 6967
420 406 4881
308 120 4363
16 458 4268
275 417 6378
134 0 4693
129 1 5925
49 373 5482
4 2 6454
35 335 4641
76 193 6766
95 428 5914
236 255 7995
474 267 6232
410 411 2918
446 139 6234
182 39 3052
392 230 4549
213 96 2775
325 277 6233
124 59 3065
482 369 4270
307 64 6489
462 339 6185
192 24 5807
155 63 6161
427 46 4520
250 204 4042
145 406 5382
485 193 4608
301 409 8920
123 116 6493
320 428 4736
384 471 4880
4 99 5117
302 275 5787
402 470 3733
302 295 6829
489 102 6112
51 90 6534
422 206 2383
370 106 6597
80 160 3464
391 105 3798
483 314 3094
278 136 3182
87 25 3193
104 26 5520
442 404 4908
368 343 3725
25 40 5993
445 216 6911
140 485 5715
468 328 6651
214 17 3411
274 245 4293
264 363 5318
356 367 7562
353 117 8456
194 104 7758
101 173 3570
200 99 3527
33 283 3305
467 56 6002
203 82 2841
313 204 6281
56 347 1641
48 317 8789
392 497 1247
14 249 6713
262 99 5407
330 267 4345
466 281 5148
146 152 4755
173 382 4659
325 415 1418
197 94 5191
247 32 6988
48 326 5703
389 128 8654
19 330 2963
496 115 4080
460 306 5370
239 188 3190
17 41 7544
359 32 7969
469 453 4574
79 213 3980
336 91 10169
148 118 3543
434 265 5808
218 20 5225
347 345 5219
25 246 7991
133 299 3916
136 277 5321
420 328 8066
418 70 6355
109 332 8052
138 212 5634
285 468 3554
284 149 3462
440 236 6280
299 464 10011
376 102 8474
470 221 6079
389 68 8721
209 308 5147
123 433 3022
444 29 2106
253 112 7817
480 354 4946
348 365 4747
425 471 6559
383 188 1039
485 271 3449
308 155 2397
248 65 3630
151 286 2761
388 319 7552
182 162 5783
16 61 5345
213 229 3032
314 321 3520
227 166 2831
441 306 441
237 129 2607
132 362 7779
244 298 3328
91 251 4169
347 451 8022
116 116 8077
224 97 6627
205 238 5870
53 191 5585
277 442 5416
278 182 6541
1 169 3820
37 307 3608
220 256 3833
150 434 7089
26 34 6218
296 302 5440
403 359 5155
63 378 3749
51 2 9166
482 281 3525
345 200 3327
96 363 4250
186 295 7542
337 422 3444
469 239 5018
143 57 7054
490 79 6596
59 132 5529
389 405 3361
151 57 6405
445 481 5483
461 0 4904
357 234 5473
346 271 5265
93 338 2953
310 474 8820
61 368 5214
288 243 4220
246 191 5383
486 254 5200
120 338 5424
237 300 1831
194 240 6037
37 234 6816
24 90 3950
393 15 6385
81 330 3525
132 367 6475
229 416 4858
418 496 5424
200 399 3666
91 245 4977
346 473 5268
405 198 7611
42 134 6988
448 277 8530
465 37 2990
370 153 4097
217 108 2771
54 448 5449
79 420 7375
135 37 4226
325 487 5143
368 299 6772
38 226 3707
427 159 4910
202 105 4987
198 419 3504
243 362 6788
218 449 3669
73 242 3744
497 300 5022
186 448 7539
295 241 7303
317 480 4791
292 492 4925
366 256 4178
401 1 5201
179 409 4427
374 316 4543
407 99 7258
490 212 6577
238 387 6009
245 321 4339
250 427 3670
46 166 4905
476 313 6604
54 381 3587
484 229 6490
138 417 4397
26 455 5529
498 259 6097
386 439 8652
220 168 6337
216 184 4674
224 389 6965
472 233 4179
474 376 9363
68 87 6520
169 244 4203
339 430 5806
49 485 5115
304 356 3856
429 435 6704
338 115 2942
233 384 3784
119 249 6381
313 25 2995
256 273 3867
378 387 5174
474 258 4415
484 33 5114
432 109 4168
167 64 5750
137 468 7553
229 435 5013
158 45 5134
90 262 6976
345 75 7880
194 99 5313
112 187 4767
20 108 5436
313 373 5009
216 499 5888
139 128 5541
188 206 5493
95 325 2578
385 275 1334
179 230 6190
18 92 5647
474 65 5494
172 359 5920
65 134 6822
420 292 7368
321 38 7211
405 253 5140
209 92 6026
327 97 4981
368 467 7108
246 104 3802
300 380 6368
367 262 7705
483 141 5747
16 85 2107
424 1 3482
483 27 5495
332 246 4993
488 376 8000
220 176 4762
406 78 3060
231 63 4205
4 402 7162
427 151 3269
160 100 6352
34 42 7484
169 425 4362
372 119 6871
432 361 5514
349 122 4002
471 338 5476
44 454 6714
88 380 6295
452 244 5295
119 264 7331
304 471 4916
67 119 6447
82 459 3609
327 465 3657
206 336 5627
205 157 3184
93 479 5776
64 5 5493
156 468 5174
414 337 4879
157 158 5631
443 387 6683
337 252 3841
436 332 4903
92 43 3897
360 62 8007
465 180 6555
185 373 4541
408 326 1612
75 87 3439
359 446 3928
261 261 5079
469 109 3890
234 239 5855
86 292 4973
235 212 4312
219 261 7703
22 165 4410
436 443 4461
248 483 5392
26 469 4771
424 68 4768
264 416 5852
415 123 5492
400 163 4972
341 407 6642
141 292 4467
1 237 4936
99 50 5374
413 100 1586
210 419 4704
431 256 7423
376 8 6751
488 153 4550
14 415 7514
449 496 6969
389 179 4580
39 6 6618
332 333 5084
124 162 7726
31 271 5792
85 496 3983
276 18 6699
410 471 7325
466 3 4764
113 71 8297
374 249 5449
325 430 5454
356 108 2920
99 467 9260
222 241 5953
152 23 3906
285 30 5098
296 231 4650
389 477 2581
196 425 3963
291 441 6401
187 53 2353
297 406 4988
410 286 5014
23 302 5650
51 175 8549
385 289 7381
115 331 4318
281 125 6668
302 361 6567
426 94 5182
107 114 7456
79 303 4449
489 369 3945
429 247 6389
292 8 4342
79 335 6430
277 434 5423
3 366 4876
263 313 4193
454 367 1398
302 139 4964
324 212 3175
429 37 5749
88 76 4245
209 325 2103
15 111 3966
368 98 3816
432 79 3484
113 303 5592
231 294 5864
205 249 7609
265 398 3932
384 347 6839
323 172 3655
409 364 6783
366 281 7242
307 379 5271
264 451 4755
67 363 5479
137 310 4803
254 148 6564
107 80 5455
92 170 5837
279 400 4623
407 146 5008
413 56 2747
13 222 4593
325 29 9145
227 289 4386
0 113 4099
187 255 6700
381 214 4813
384 395 5962
468 259 4760
388 51 5168
60 139 7905
281 301 8237
446 325 6448
304 330 5604
246 304 5350
162 374 3988
15 207 5156
381 122 3769
272 60 5795
267 21 5851
132 69 5012
3 293 4645
281 379 6977
396 84 6257
496 108 5500
335 62 8040
35 396 8215
102 445 4271
84 137 3187
396 125 1540
285 19 6039
148 237 5756
55 111 5413
79 415 4582
30 399 5417
261 203 5913
325 243 7980
286 461 5890
219 274 5134
169 100 7263
52 350 4805
54 203 4845
185 368 8821
296 24 6473
410 267 7406
57 253 8750
367 36 5145
242 52 8212
193 88 5007
457 453 8536
166 345 7046
406 316 5242
193 144 6181
289 348 4674
130 55 10715
491 279 6142
347 411 3725
407 247 6651
279 261 5753
36 481 3218
443 199 3666
459 196 6273
107 42 5495
473 430 2028
247 272 8887
24 24 7703
132 142 4084
306 53 4361
34 252 6868
203 47 6600
356 22 5401
345 92 5138
157 226 8506
454 264 3928
176 117 5987
187 174 9263
123 363 3291
326 117 5532
343 232 4423
87 335 7086
370 327 5732
309 420 6140
308 292 7239
236 350 7080
109 233 2774
244 418 3245
325 164 5846
363 13 4867
306 23 6192
455 180 4947
331 225 5665
110 61 6880
497 399 4432
399 444 6402
350 415 5457
43 390 7394
446 190 4068
261 345 4218
97 201 3916
434 492 5568
152 196 5299
435 214 2455
165 413 6128
247 410 3720
430 323 8031
84 118 6656
14 280 6633
140 18 8372
474 112 6078
86 36 7073
60 421 7225
355 177 5783
320 68 4579
281 143 4258
297 482 2206
136 119 4613
481 455 3409
158 111 3404
177 478 2755
136 374 6190
359 148 5453
233 206 5573
92 333 6353
197 110 3530
146 313 5924
249 417 4924
264 55 7952
494 312 5868
132 78 6241
282 464 3247
125 227 4174
117 25 6200
269 79 5397
325 364 4683
81 175 6998
400 276 4095
191 271 7921
53 71 4119
107 296 5517
370 132 5301
253 126 5303
456 278 6297
248 88 3999
156 416 6834
144 131 5953
397 118 3930
175 157 5630
492 242 6671
173 254 7095
478 287 3965
47 192 4688
371 192 4640
210 278 4716
219 466 5131
417 381 7372
343 9 5536
363 387 5247
113 216 7026
438 22 6201
393 437 6495
494 166 5784
480 496 7484
284 157 6632
22 391 4746
57 316 4900
25 13 6296
194 156 5868
454 329 5788
62 211 5430
386 198 6070
342 170 5605
289 123 4907
323 320 7262
125 128 7329
479 174 5198
98 264 7957
98 35 2809
377 263 7377
32 141 5594
475 488 5180
114 297 4235
243 424 5945
480 44 5668
67 292 4187
387 219 4009
154 441 2272
329 423 4441
294 217 4408
21 96 5988
247 46 3665
371 366 6030
110 473 1309
254 232 5719
127 421 5582
439 345 4142
139 170 2512
119 232 5059
226 428 5563
79 430 5539
349 421 6078
104 94 3157
389 115 6403
244 455 6633
452 84 6367
155 32 4568
414 106 6513
41 108 4622
265 184 4354
108 35 4432
287 199 7467
127 466 6605
484 202 2361
354 205 4256
303 12 4796
60 109 4850
18 189 3201
165 300 5715
258 439 2974
296 137 6217
451 283 5633
404 90 4720
323 341 6510
241 411 6800
34 210 7441
163 193 4406
464 159 6610
316 388 2607
18 132 4056
381 26 4887
36 205 4596
421 315 8184
402 303 6155
366 452 5271
462 176 6339
269 314 5730
253 252 6745
401 419 4147
309 74 7332
297 122 6576
178 109 5462
398 148 2688
360 120 5019
137 64 3347
41 410 4458
362 105 1620
73 58 7495
192 451 3770
307 496 3702
320 255 5653
29 68 7377
439 192 7677
465 382 5583
204 391 6652
472 81 6363
241 435 4793
120 43 6696
98 456 5136
432 123 5120
410 87 4289
104 238 5705
376 190 6864
235 96 2363
63 50 6383
139 412 5239
360 173 3684
258 84 5610
148 278 3726
300 396 6244
122 88 5708
71 402 7650
408 395 5272
467 165 5137
58 59 3724
470 385 4393
315 303 8125
166 406 7633
109 423 8165
309 106 4151
324 236 2986
189 277 6940
406 334 4715
363 326 6148
329 259 4056
300 99 6956
42 218 5063
79 189 4510
8 20 5792
187 193 3185
405 432 7189
412 30 3840
23 345 5876
359 43 6258
453 56 6842
218 397 4714
86 91 5876
75 362 5908
162 395 3853
477 156 4879
138 181 6020
23 280 5430
257 225 6627
358 211 6061
473 226 6648
174 191 5310
208 401 5437
457 310 5446
45 172 3273
250 2 6679
385 172 6406
498 37 4483
288 273 5530
458 203 7748
481 113 5393
201 310 5906
130 22 6727
209 382 7678
362 38 3351
143 346 7718
494 449 5923
466 404 3834
186 110 4748
10 120 6112
135 166 4654
228 445 3107
192 441 8034
416 314 5801
466 310 5917
416 75 6265
216 301 5836
214 402 5082
282 479 4859
414 454 5211
233 335 7389
155 314 3394
116 412 6474
43 273 8773
33 115 5923
350 491 3915
367 460 7382
95 317 4105
488 455 4864
329 283 4780
69 101 6310
316 342 5903
445 367 5677
283 94 6744
306 463 2747
483 261 6597
377 448 2833
165 365 6982
477 295 5860
71 435 5162
396 138 5527
407 64 3872
366 142 3103
355 3 8807
345 379 6819
231 482 6442
435 84 8113
310 241 4780
291 469 1689
194 410 6767
335 313 5045
213 152 2997
156 456 7173
459 13 4313
92 118 3306
210 70 3778
104 411 2963
64 175 4888
339 66 6484
227 479 3563
1 459 1849
365 406 6596
51 305 5905
453 203 5525
277 471 3205
278 189 6481
17 309 4416
242 194 5245
308 15 6635
50 467 4672
74 289 5516
229 13 3423
97 147 3862
17 486 4790
334 138 5622
189 227 4713
69 181 1574
472 207 1711
260 338 5209
365 47 6908
321 313 4040
427 328 4855
247 243 4771
124 258 7098
133 8 8912
210 22 3058
80 290 3903
374 34 7273
418 303 6273
368 497 6106
149 478 4606
194 331 8213
228 360 3240
255 398 6132
185 482 4620
426 440 6141
56 267 6978
126 41 4509
22 356 4496
90 175 8778
119 360 5623
38 469 5415
438 158 5061
384 481 6070
364 66 4847
414 113 4646
188 309 4236
435 220 3702
135 398 6509
54 166 5209
21 6 5649
379 456 6152
410 313 5047
199 446 4802
114 143 7337
82 442 4673
234 422 3535
473 470 2649
183 391 3878
189 397 4747
368 72 8456
173 31 3731
169 372 9528
340 245 5931
322 458 3522
354 249 7283
231 118 4177
434 392 7237
473 361 4528
423 356 4753
171 338 6652
35 156 5982
364 168 5161
271 435 3943
427 466 6273
40 362 3390
98 19 4481
220 65 4552
106 214 1793
300 249 5951
20 337 1414
414 182 4739
460 57 2740
110 493 4489
293 268 6582
295 317 4150
465 350 5157
165 110 5277
180 297 3120
459 420 5442
159 335 6580
267 266 5483
205 462 6736
392 285 3763
436 207 4135
160 493 3679
142 243 5592
372 41 7732
356 240 6756
465 73 6062
462 43 4670
445 23 7501
235 0 4771
272 360 7293
436 145 6371
351 437 8116
273 136 3102
330 125 1891
470 36 5381
485 52 7631
47 83 5154
225 226 5641
317 351 7153
443 175 7040
326 66 4748
461 226 8095
7 488 6910
499 171 7590
36 1 6948
5 468 3420
9 427 6198
32 50 4479
422 112 3187
379 442 4304
146 37 9217
71 480 4705
344 330 6302
75 497 1600
275 28 7154
475 452 5657
184 220 6427
417 427 5684
482 5 6266
414 188 6148
447 447 5167
409 260 7080
379 498 4132
96 393 5215
220 247 4773
12 168 3871
186 466 5193
441 103 5323
89 315 7942
297 204 6466
329 26 8897
205 27 4815
381 179 5832
368 30 4398
51 276 5010
17 268 5519
105 370 6615
161 461 5505
386 453 5042
28 53 6697
1 263 3888
119 216 2537
471 278 5288
314 142 3876
318 42 7519
190 68 4756
344 303 5047
338 217 4176
338 457 5240
477 23 5126
439 266 6789
297 221 5407
421 170 5992
25 253 6225
18 440 2217
328 191 4807
481 246 3130
161 69 8262
347 70 6143
125 310 6569
30 345 6729
258 428 5617
146 361 2834
306 405 4383
412 247 5424
401 334 3442
125 334 3886
334 357 5048
381 399 7216
6 7 7004
124 462 4949
234 309 7461
452 427 9260
382 6 5964
71 33 6826
449 401 4272
205 188 6260
389 448 7171
225 182 3729
162 87 5492
250 447 5667
354 474 9020
300 374 3993
493 352 3468
40 21 3130
297 364 3051
376 335 4944
102 7 4790
70 498 4099
249 24 6579
377 353 5190
196 30 4311
49 386 2200
122 194 4621
186 35 6691
72 458 7629
105 124 5288
313 64 7329
460 376 6871
357 193 6358
32 353 3796
351 102 3620
130 408 4690
309 261 6029
384 337 4451
1 181 7831
59 224 3997
236 325 7573
172 287 7097
353 462 5265
381 380 6588
395 130 4884
441 182 2282
6 197 4806
63 411 517
157 231 6047
453 457 8220
261 378 5851
197 293 5164
461 464 5112
383 387 4891
112 391 3631
282 273 3252
439 475 6893
446 57 8421
425 19 5019
38 426 5374
385 255 5474
202 206 5607
284 441 6979
276 253 4697
236 160 4159
309 207 6604
62 217 4550
446 115 6170
307 323 5048
223 368 7307
212 458 4759
57 487 4270
424 30 6784
299 77 6117
329 175 5111
348 176 8514
358 485 6898
264 285 4833
469 115 7601
271 18 9102
408 482 6317
193 495 5605
214 172 6488
373 224 5021
91 285 6995
426 214 4905
66 245 6729
360 189 1563
121 222 8224
395 479 6402
51 218 7718
223 494 4235
128 263 4207
387 138 4608
207 341 4977
52 491 7832
155 498 5704
332 379 6125
264 130 6404
422 223 7076
384 462 5337
405 499 2703
154 138 6089
177 141 4282
11 362 6129
275 329 3770
454 47 4261
157 278 2655
493 364 6039
404 370 5111
390 276 5801
456 168 4739
182 153 7452
402 184 1436
184 342 5172
335 110 4768
157 484 3761
482 235 3934
188 167 4958
260 94 4713
398 467 8346
179 190 5073
89 358 6740
310 212 3144
191 9 4120
483 123 5556
100 335 6961
195 77 8714
36 326 5132
471 170 6845
360 205 6320
75 385 3312
499 320 4827
33 407 4900
336 194 5380
115 7 7915
252 372 3948
44 16 3793
132 495 3922
60 344 5557
72 81 2568
171 121 4849
104 352 4949
54 150 1620
222 77 5255
347 338 6216
258 292 6174
337 239 5826
276 7 3908
227 251 5081
320 467 6028
493 392 5417
419 93 5194
112 200 7702
227 146 6526
171 238 5519
220 385 6888
91 372 6505
319 103 4961
469 497 6258
264 307 6081
22 475 6693
79 308 4454
436 50 7543
185 242 5663
110 365 5171
64 323 8021
134 354 5347
77 466 5034
277 227 6025
269 277 6612
467 126 5437
119 494 9518
394 273 725
250 294 8264
390 169 2812
51 288 2866
121 64 6439
429 90 5201
499 99 4289
352 235 4288
122 270 3733
31 17 7884
305 146 5610
155 117 5897
214 118 5814
286 102 4978
491 428 4979
423 135 5846
155 320 4084
281 207 5269
499 329 6831
27 175 4142
353 408 4218
175 37 3697
203 4 5770
90 3 6573
51 141 4907
42 396 4466
306 190 6263
67 19 5917
101 405 3765
280 248 6541
107 337 4276
373 199 4268
109 7 6267
123 203 5308
16 408 5324
240 18 5828
11 115 4293
73 429 7400
157 259 4474
491 10 5700
99 291 3927
364 444 5564
401 399 5583
342 23 4094
147 484 1546
122 346 5516
56 283 2044
209 351 5490
461 132 6082
322 379 4776
247 196 5823
179 377 7077
55 138 9149
355 379 8695
216 0 3567
380 184 7740
261 106 6598
4 60 7121
457 323 6479
251 341 4560
380 308 4221
403 56 5387
91 463 9187
493 324 2431
288 298 6245
49 63 2682
232 396 5821
245 344 3403
89 145 5461
477 196 4311
137 141 3074
372 164 4382
68 220 4463
71 374 1488
175 211 6546
350 330 4004
284 13 1267
8 149 4477
291 497 3220
244 328 4766
363 499 5125
365 247 7113
275 200 5267
46 119 5837
232 269 5866
222 444 5154
327 324 3430
483 101 2935
30 478 4083
256 342 6723
327 112 5476
412 369 1917
53 15 4648
383 88 6058
105 419 1004
326 196 4816
317 5 5121
372 258 4026
232 225 7116
190 433 5594
320 294 4612
166 499 4856
55 26 6808
59 331 8224
78 391 6797
252 188 4668
470 52 7545
120 14 6291
289 421 4792
366 211 3096
160 471 6851
449 101 6881
366 430 6840
144 195 7118
295 46 3271
131 88 3355
228 458 7136
383 263 3732
487 469 6909
305 91 9297
84 394 6449
281 407 7547
213 260 4111
398 111 4365
376 111 5191
246 180 4845
8 324 4708
330 44 4229
203 115 4218
354 497 4958
387 78 6794
351 351 5519
267 229 5767
323 225 3566
86 180 4710
458 73 5255
417 342 7358
366 118 5148
234 474 5703
451 195 7618
479 468 8252
465 100 2788
290 151 7517
371 84 4826
220 38 4703
424 197 7796
299 159 5853
385 203 7186
479 332 5063
269 84 6320
356 453 7049
183 60 4723
367 438 4549
40 419 3773
290 238 6295
339 498 5612
98 278 4444
403 405 5942
253 119 7275
446 69 5666
242 486 3172
46 205 5839
297 82 5014
169 159 8031
433 408 2482
440 153 2750
229 492 6399
293 92 7766
199 373 5512
43 72 7612
391 390 6535
419 392 3666
127 349 3868
191 179 5924
341 163 3742
13 370 5689
229 400 6085
255 262 7751
268 455 7784
422 11 5234
116 436 4558
401 309 4443
206 36 3174
227 73 4379
149 271 5252
6 224 3687
26 195 5129
52 394 6555
33 6 7795
93 150 3940
206 406 4549
192 2 6569
179 279 6727
201 263 5450
430 147 7185
187 152 5195
9 155 6638
234 78 3886
167 167 5690
63 236 2499
195 337 5212
386 313 8974
315 267 5724
40 52 3618
355 391 6079
340 412 7060
269 378 6070
121 380 8305
80 229 6199
183 353 1776
214 409 2278
85 421 4718
121 470 4963
466 150 6908
150 318 5701
382 365 4686
297 145 3740
106 403 4394
150 299 5936
132 252 6182
158 19 4350
311 6 6417
106 207 4948
55 443 4316
259 125 7531
26 273 3825
471 307 4325
442 36 6986
475 55 6344
319 436 5590
431 479 5115
266 496 5445
345 180 4603
235 124 4923
423 419 2886
151 114 7392
36 133 6058
305 438 5039
280 295 4910
32 106 8577
470 27 6510
167 397 5333
159 39 8100
104 465 6533
311 335 7128
240 105 4682
219 322 6946
427 253 5018
350 377 5632
117 390 4082
295 195 4944
405 220 5279
266 119 7580
496 132 4324
326 53 5730
435 365 6291
227 20 5985
169 227 5381
25 59 5850
434 161 5902
430 118 6545
450 350 6397
433 194 3397
311 398 3458
93 256 2281
98 410 5666
232 201 4971
269 412 3282
70 205 5484
164 124 6659
29 312 4892
439 78 6632
364 487 6732
344 53 6813
297 296 3578
7 130 4059
84 479 5360
6 208 4687
372 232 3719
91 421 8606
158 125 5275
208 179 4424
60 440 2972
214 87 6788
120 458 5424
417 143 6468
35 278 5077
450 64 6370
498 459 4915
376 305 5029
198 454 3634
372 417 7002
254 383 5021
423 307 3866
239 417 5427
475 16 5895
237 379 7562
378 218 4623
394 49 4243
39 33 7094
442 124 6380
44 226 5144
435 350 4013
279 285 4419
440 277 6052
499 71 5574
423 477 6887
229 265 6301
68 326 5464
37 16 7226
310 163 6643
309 43 5775
167 48 5967
119 110 6680
291 161 5333
135 103 6558
164 281 2447
448 94 4527
109 358 4061
129 207 4019
18 295 6278
56 276 4008
264 222 4733
205 227 6375
409 124 5608
417 162 4134
66 394 4573
305 127 5836
214 58 2952
25 49 3736
460 382 6633
104 276 9070
347 484 6254
304 284 5759
429 61 5793
252 358 2136
41 473 4355
24 126 4628
260 254 2560
414 461 5542
123 399 3463
399 103 5195
334 298 8636
466 468 5970
182 265 2749
93 230 4689
444 206 2991
476 320 6076
351 187 4244
132 155 4190
428 105 5257
280 222 5035
228 383 7260
140 272 6647
124 414 4526
303 342 3777
218 194 5673
466 342 3586
208 77 5426
192 93 9566
451 16 3274
121 28 6123
331 217 6780
74 226 3589
85 472 4594
389 225 5289
332 55 7668
115 16 3417
285 294 5555
350 218 6729
398 26 4943
295 109 3718
64 282 5250
375 493 4226
144 170 6083
388 432 5545
408 272 6364
224 129 6376
132 193 5573
157 165 3998
380 343 3644
11 470 5885
478 94 5220
110 468 3938
249 280 3297
470 426 2943
31 150 3448
15 214 6462
216 444 8646
493 271 5229
157 153 4510
278 166 5866
378 73 5308
261 412 7230
55 122 5978
436 34 3637
428 167 5076
315 132 7022
128 471 3161
285 231 3762
420 448 2460
343 108 4202
195 395 5481
108 307 8241
247 59 4920
45 357 6336
3 252 5274
119 298 6226
459 345 4422
401 285 1427
490 217 5849
473 389 5585
326 370 8483
72 350 3511
79 244 3314
86 195 4515
81 375 3109
215 279 4777
201 233 6469
294 370 4160
412 71 6443
449 162 4487
29 382 4312
300 490 4824
58 398 6153
317 250 5113
329 91 3567
310 385 2660
20 184 1880
18 194 5299
410 207 5653
290 156 4532
11 12 4316
209 110 3898
27 425 5407
37 96 8283
7 376 3445
427 279 7611
54 96 6988
300 387 5814
333 433 5626
373 158 4294
390 261 6626
167 214 8098
49 282 9509
203 345 2528
238 398 6824
119 375 5049
186 127 6764
388 147 5461
147 354 3415
396 210 7404
98 81 6116
329 383 7828
11 276 6040
110 51 5313
72 342 6740
407 187 5368
39 241 5823
400 218 4838
246 74 6575
443 415 4356
254 490 5258
258 59 5729
180 176 7640
451 213 2714
428 429 4486
371 405 4918
89 113 2886
453 259 4232
176 418 6689
180 125 7219
112 22 6747
72 236 7873
57 416 4746
476 499 6296
219 328 6695
21 242 4822
490 330 4655
198 7 3231
466 132 4317
192 463 6146
361 244 5878
157 368 5294
459 264 3589
14 153 4599
349 317 3079
229 172 4088
251 265 4703
317 283 5909
356 269 4860
264 470 2940
246 115 4837
44 128 4205
329 410 5687
456 188 5943
274 160 7744
441 289 6048
329 290 7247
421 364 1151
97 422 4719
170 314 4860
36 391 6178
217 379 6330
65 483 6235
5 392 5360
493 200 5020
122 325 3403
186 436 5840
491 44 4328
289 45 4702
80 401 3835
122 93 3494
24 80 5772
208 446 2951
163 35 7392
262 356 6453
57 371 5483
385 412 4152
204 296 5560
201 413 6157
330 81 6154
265 214 4463
164 437 8936
88 348 3759
356 162 4633
117 293 4317
215 389 5171
368 378 7142
454 137 3065
241 372 5722
158 10 7934
298 56 6800
80 277 4060
469 481 5728
11 27 5615
18 224 4991
281 86 4067
256 303 6925
179 442 6863
446 298 6345
159 287 8178
478 89 6043
2 144 5276
479 127 4939
205 99 3454
404 461 1228
360 331 5140
410 217 5548
317 13 3639
227 342 2268
441 446 6544
392 411 6258
288 455 4501
409 231 3664
201 179 1732
138 194 6162
412 92 3531
57 364 5587
302 237 3240
141 216 6523
460 412 5303
6 274 5744
261 266 7985
315 147 7834
356 103 5793
275 317 3288
236 454 6837
339 95 2519
135 425 5279
207 313 4145
355 62 4365
326 202 5092
93 70 5132
363 53 5637
203 291 6066
280 414 6734
152 387 6819
240 312 5341
90 475 6038
328 375 7315
184 396 3421
482 387 6301
76 272 4059
21 53 3975
234 103 5029
220 93 7629
5 280 7511
27 495 5485
407 467 3555
257 70 6275
6 334 5795
380 145 4103
427 403 6228
423 188 7052
454 301 5405
343 402 7737
110 373 6296
167 93 5965
287 412 3383
73 251 3945
379 116 3064
74 104 4722
11 46 6009
39 124 9164
401 494 3461
440 53 3766
440 299 6205
177 495 4070
260 481 2268
381 433 4255
164 264 4052
104 344 5054
432 315 5468
181 401 4172
240 141 3485
329 447 8124
114 206 4408
434 461 7731
318 213 6087
426 386 5227
117 125 7879
404 112 5277
193 257 6377
0 156 3999
486 245 3945
198 128 5187
396 459 6137
354 93 3399
3 314 3767
6 202 6886
245 125 1409
89 233 6098
264 491 4818
152 224 5149
158 382 3369
338 276 5285
74 156 6101
289 379 6809
94 93 5339
27 474 3811
216 165 7892
420 278 4049
171 274 4500
344 81 5507
342 425 8468
430 223 7017
284 257 5146
18 418 4754
62 254 6025
138 86 5081
40 186 7964
20 497 3519
48 99 4543
235 442 3664
490 287 4927
482 326 4962
87 162 4977
499 148 4358
354 445 4910
264 245 2676
274 264 6646
462 111 5642
313 257 6044
452 482 6231
374 283 5079
395 293 4815
326 405 6959
377 38 8179
333 14 5834
162 227 2291
441 381 1820
240 135 7530
2 212 6379
282 212 4145
364 302 5858
442 66 6822
60 198 7351
78 486 5111
440 373 5997
181 115 3767
192 375 6770
270 490 7064
261 39 7756
90 220 1977
116 167 5452
20 75 3348
5 67 7344
365 88 4483
46 53 4153
140 100 4996
385 283 3276
16 479 4680
61 311 3859
444 496 5694
258 453 5897
230 304 4366
364 295 6704
7 190 7866
344 431 2788
96 165 5501
318 197 5216
180 22 6615
252 193 4816
400 157 6137
221 348 4365
123 242 6349
319 362 2759
279 118 4819
378 297 4394
446 247 2533
220 268 4198
132 343 6637
136 94 7548
175 184 1866
192 221 5536
494 492 3193
321 398 6586
172 134 5000
101 380 4259
256 246 3643
58 38 7298
444 170 5024
119 97 4698
12 484 6327
393 380 4783
218 418 7619
450 218 6654
207 287 6342
290 207 7223
128 323 5891
208 220 5631
12 455 1934
352 397 6970
112 126 4408
220 455 7358
51 146 4815
130 428 7059
278 426 3854
337 184 3640
151 86 3968
153 246 5541
388 330 3421
303 216 1294
284 50 4898
46 367 6055
404 191 4868
16 322 7012
417 283 5210
96 378 4923
5 163 6602
320 487 6600
361 433 6725
472 188 7256
430 310 6001
117 237 5483
337 35 4333
163 428 5486
414 414 6474
147 127 6810
374 429 4731
76 50 7518
237 47 6520
427 336 4894
380 160 5059
385 101 7027
116 49 9726
0 303 4812
165 20 7784
162 206 6317
126 174 5871
208 207 4929
7 415 7364
1 490 6939
253 287 4628
321 157 3306
416 50 5600
105 427 5619
2 383 5950
147 138 5709
3 38 6944
489 464 6033
201 34 6443
400 314 4518
221 308 3658
403 209 5540
322 347 5512
242 404 7320
65 453 5538
445 185 5734
11 160 6034
377 233 3626
97 487 5622
313 69 5812
271 346 7098
73 113 5057
226 273 6983
270 206 5800
321 449 4245
83 4 5921
142 155 4315
32 61 3742
487 179 6982
97 222 4991
134 477 4328
377 208 3592
394 490 4466
443 431 6850
467 286 8300
71 322 3933
493 147 4170
326 180 4013
492 379 4814
2 106 3072
101 416 4758
244 4 2910
479 120 6485
222 156 5151
280 241 5112
97 442 4625
65 149 6310
154 360 6406
271 174 7389
383 56 3845
255 390 4895
263 153 6705
325 85 6202
139 333 1301
85 230 4004
132 403 5117
284 418 6148
435 417 6173
465 170 4480
58 101 6397
276 151 6017
349 45 6772
112 134 3652
11 307 4955
138 435 3910
356 468 5021
442 316 8030
345 309 5112
336 369 5749
246 290 4615
314 428 3940
245 267 5538
258 214 5567
86 84 5350
362 214 6258
437 340 6113
488 406 4846
462 20 5452
206 427 5945
360 411 5936
49 12 4571
452 449 4457
240 450 3563
461 121 6900
422 344 8113
331 31 3178
289 131 6680
157 189 5464
491 91 5723
100 139 4699
495 470 6893
219 409 5455
28 320 4766
359 459 5573
62 90 5420
144 184 5166
473 344 7068
483 133 6166
268 188 6015
286 306 4715
39 40 5281
231 427 4473
226 62 5775
475 239 4095
496 5 6526
264 335 3726
150 183 3206
167 222 4675
474 144 5018
71 424 5464
36 491 6106
301 261 6863
154 15 6848
377 480 5576
122 106 3467
172 430 6144
226 116 4610
94 384 7260
373 473 5935
160 305 3600
111 277 5070
53 461 4555
419 484 6308
165 480 5110
309 469 3589
117 227 6688
15 339 3984
334 485 4704
331 439 3331
103 457 4700
111 379 4809
167 461 6184
116 89 6159
5 387 3310
398 380 6085
256 316 4107
84 14 4224
231 179 5185
38 172 6703
109 102 3461
34 369 4795
400 226 6294
282 3 3514
393 95 6390
32 419 7515
187 386 6258
305 266 3568
483 464 4221
154 0 6215
318 226 5966
383 150 7505
496 216 6141
200 87 4039
397 370 7234
326 220 2957
291 302 1798
433 472 2824
372 375 4904
115 151 7924
445 10 6525
60 468 5312
244 130 5566
323 76 3977
9 177 6821
390 442 4584
91 21 5871
211 29 5763
201 72 5553
45 425 5885
102 182 5310
113 230 5537
134 150 5493
308 38 5398
57 5 7395
71 50 4395
496 435 6982
152 101 5721
232 128 7560
364 308 3866
434 200 4268
280 34 4727
422 244 4511
251 199 4568
221 314 6352
353 487 4459
312 58 4377
130 215 7240
379 372 4926
38 47 3690
150 365 3822
135 454 6241
207 137 4920
326 141 5494
42 375 3040
465 477 7747
414 39 1857
18 252 6783
47 446 914
271 143 5448
420 158 6246
50 42 5429
140 448 3346
452 394 4385
227 351 2653
112 266 4129
322 333 3842
355 198 5810
86 408 5400
188 351 4944
269 5 6066
77 205 7026
39 442 6615
267 482 5374
414 225 4967
491 132 6473
100 57 4577
313 79 7632
292 259 5439
334 397 6342
239 242 8850
197 249 7527
412 299 4873
314 310 3313
142 424 5718
273 93 3426
48 76 2774
234 462 3739
140 231 5533
283 393 2513
29 46 7352
219 5 4847
281 456 6067
352 313 6449
27 405 4618
326 60 7470
319 393 3403
262 302 4892
423 87 3364
161 318 6598
137 360 5665
481 406 4175
184 186 5743
268 67 7883
443 95 7469
338 477 6010
387 342 5380
479 73 5903
169 200 5303
450 35 3224
321 354 7616
97 499 5039
186 122 6069
280 160 6086
28 114 3393
249 81 7076
410 421 4576
321 443 7757
450 363 6813
406 173 6279
398 247 8948
460 448 5247
128 17 5955
414 151 7416
375 146 6556
81 436 6652
246 212 3337
155 427 7369
48 495 4413
66 346 6386
355 76 6529
458 357 4790
59 429 5898
132 122 3149
342 375 1790
336 344 6524
8 93 6333
482 446 4902
409 152 5924
139 248 5572
110 256 4432
156 173 3665
108 173 4475
310 138 1938
459 285 6815
443 252 3182
159 267 2857
265 8 5129
493 27 6209
460 493 6871
370 294 7067
461 429 3560
285 251 4290
39 449 7214
273 293 5742
396 427 5472
340 295 5453
265 61 6593
183 203 9952
193 39 5346
136 441 6366
22 264 5954
105 139 6502
79 285 6156
119 200 5432
447 476 7892
179 260 5554
61 462 6620
358 311 5968
250 166 5027
213 133 3887
330 106 8011
269 285 5411
8 344 7162
243 251 5821
16 446 6065
112 289 4961
21 460 4860
305 416 5080
458 475 6439
177 45 6654
321 135 3656
449 329 5523
433 45 4439
273 186 3859
346 115 6089
368 411 6801
147 242 6688
62 385 3837
304 254 1671
159 147 6516
124 168 3971
275 210 7750
192 164 6226
207 373 7473
391 368 8687
382 225 4596
192 446 6378
201 280 5403
109 144 4233
435 103 3595
240 72 8284
241 92 5759
458 459 5088
482 399 5633
365 79 5468
235 230 8479
332 181 3616
295 285 5131
450 236 6158
339 466 4638
144 178 4677
189 14 4175
135 173 5014
481 190 4708
2 420 6523
237 60 4675
371 21 7646
164 487 5352
155 377 5707
223 286 6490
175 313 2799
20 413 3758
172 488 4701
289 311 3565
484 296 3271
464 52 5730
257 322 6968
291 84 4619
94 401 5925
67 427 7160
208 319 7098
127 70 5132
136 264 6647
461 138 8104
176 308 8241
59 66 3699
50 358 5713
287 75 5110
107 109 8329
472 272 5359
211 361 2438
152 41 1585
317 421 4735
93 208 4991
426 140 4152
265 166 6370
286 218 4709
187 301 4357
36 149 7482
24 372 5373
270 225 6466
332 415 3637
186 199 3807
50 334 6661
217 474 5700
479 230 6210
16 34 7251
105 11 4962
220 211 6682
289 331 6021
10 67 6237
8 443 5426
494 68 4060
286 327 4031
23 445 3154
312 249 6306
316 20 8342
302 211 4062
232 163 6278
408 450 5837
293 278 5782
308 246 6186
465 355 4705
487 353 5872
351 135 5705
181 311 364
13 188 6497
137 154 7440
107 221 6230
231 316 5015
177 53 5551
345 128 8566
0 91 7699
74 326 4964
325 473 6171
343 277 4917
435 150 6630
175 221 7086
362 98 3585
452 434 4788
321 63 7123
58 339 3269
92 55 6406
143 163 6237
449 304 3319
228 5 5059
18 468 7640
347 254 5203
107 450 6494
202 211 5850
352 72 6987
22 67 5316
360 398 7522
240 218 4994
181 323 5961
263 457 5251
316 156 3533
350 111 9397
314 329 4479
83 67 5422
328 303 7576
431 374 8847
266 432 5230
128 231 6950
116 318 6935
31 292 5527
499 453 2593
426 424 6781
220 219 5915
253 329 5316
13 436 3612
197 236 6421
493 156 6656
385 421 4657
249 317 6560
371 55 4608
301 168 6876
43 380 4549
218 160 5255
202 148 6222
143 380 6468
287 172 10250
75 346 7906
454 273 5891
429 301 4494
55 322 6493
128 379 6251
378 202 5858
354 146 4069
391 159 7003
65 12 6104
334 451 5110
115 385 4981
0 150 3956
178 249 6443
489 433 6457
466 491 5689
274 323 5666
224 264 3697
463 364 3948
363 336 3169
325 307 4378
426 285 3800
423 178 4271
320 204 4970
146 472 6043
435 114 4115
442 48 5111
454 76 5044
166 292 6457
441 272 5056
469 323 3966
198 353 5171
212 473 3567
35 29 6409
486 9 5918
45 111 3285
333 116 6968
277 128 6930
53 104 6549
193 230 7132
403 449 7153
482 435 4488
330 144 7958
350 290 4011
399 50 4989
358 320 5240
444 453 5600
43 480 4958
326 133 3928
167 386 3384
313 438 9057
103 163 4236
198 58 5342
275 69 5807
448 471 5790
137 303 3205
234 193 5837
384 40 5131
151 266 4228
244 384 5274
350 372 4784
89 484 7871
321 262 7887
171 112 6416
260 396 5433
131 293 3183
13 397 6182
130 313 5233
60 263 6111
377 394 8515
51 416 5914
222 49 8353
212 247 3122
98 68 5043
32 437 5664
119 366 6676
363 321 4942
361 82 5153
56 176 7519
292 448 8352
346 243 3240
123 477 4832
398 66 4896
168 205 5118
463 487 8054
425 361 7906
313 1 5778
339 29 5491
213 448 4673
174 234 7983
365 355 6486
139 479 5834
453 225 8309
241 332 3066
398 329 4048
254 424 6898
30 217 5001
361 464 4127
402 45 6161
351 19 3472
338 303 4542
488 108 8989
482 108 5336
493 34 4950
270 181 5270
187 334 9664
431 294 5599
350 386 3761
120 54 6809
395 203 4457
238 178 3790
243 258 5278
476 3 6264
345 352 5436
189 136 4979
18 176 6719
439 27 3765
211 40 6957
87 330 6636
133 210 6758
85 62 6258
83 168 4704
146 17 5258
140 497 2889
18 162 6767
464 220 7330
248 54 5276
363 112 6373
418 210 7376
239 266 4625
135 230 6000
217 232 5124
388 187 3144
270 219 4354
182 491 4806
192 202 6154
350 201 2005
64 205 4450
145 303 5369
457 250 5244
26 328 5931
447 4 4763
460 100 5033
127 147 5795
310 364 7413
267 372 4935
71 139 5396
118 75 4358
120 406 4686
334 497 3978
123 286 3933
424 349 5202
252 43 7868
204 200 6012
412 280 6020
169 353 7386
483 161 9084
293 292 4613
258 170 7132
479 50 5842
308 371 5250
341 360 8508
39 436 3348
320 306 7923
423 117 6832
24 226 3912
378 274 4369
353 50 6036
201 244 5578
343 291 6541
3 258 5861
321 494 8306
289 477 2249
227 35 6933
46 432 5928
172 262 4269
459 217 3867
433 72 6851
181 167 5751
82 355 2024
70 94 6588
383 141 7301
28 164 6469
77 27 4550
276 89 3853
388 376 5490
431 386 5842
256 366 5875
77 0 5684
440 283 5905
484 430 4063
377 126 3656
34 189 3643
187 21 7206
300 436 5465
56 48 6252
462 31 4485
46 420 4204
12 237 6864
361 315 3533
436 90 6366
475 415 6265
347 213 4318
377 174 4961
124 319 5888
212 373 3507
25 133 5905
256 200 4602
456 114 5714
74 144 5078
468 437 5911
333 98 5862
224 413 4728
195 12 3440
147 83 4016
272 386 6275
65 66 5795
176 435 7186
62 231 6657
336 74 5694
357 326 8441
306 315 7049
416 199 6688
204 274 3780
83 200 5353
151 212 4597
9 296 6382
339 204 3980
231 110 6231
104 71 5855
3 24 4743
185 146 3465
469 47 5207
336 212 4647
162 241 3656
42 486 5179
199 21 6276
447 83 2565
191 390 6248
90 404 4834
270 427 6103
3 498 3348
248 499 7694
142 322 4519
94 9 5723
75 45 4797
79 97 6699
317 239 8580
248 17 8781
434 241 5321
371 360 6321
134 270 4948
42 282 6504
130 169 5105
52 260 7461
301 350 3594
112 347 6472
6 232 6997
453 94 6160
365 273 11595
388 493 3052
227 200 5318
76 20 5214
167 492 6342
227 53 4697
148 167 8633
172 460 7863
5 116 5941
41 163 4846
427 219 5580
468 21 4330
209 266 4638
424 491 6855
172 64 4685
94 138 6206
362 422 7569
318 455 5701
326 152 7278
57 474 4641
134 472 7868
89 47 3487
70 315 7899
219 44 6688
385 209 4757
183 431 4372
96 372 4654
350 164 5518
454 408 4323
236 295 2928
329 295 6540
209 169 5361
461 207 7398
277 156 6464
13 78 4926
58 18 6198
258 350 5940
258 329 4409
27 333 6002
41 332 6573
185 363 6696
141 67 4476
225 311 4956
334 280 4372
398 12 4408
251 11 3225
61 268 6542
4 426 6368
446 347 4156
344 284 6063
131 177 5613
209 431 4135
75 279 5670
74 263 4168
411 79 7483
366 492 4705
269 402 4868
136 328 5351
174 6 5842
287 359 5346
56 291 6919
5 89 5063
430 132 4435
24 118 2990
19 368 7760
399 178 5941
408 440 4556
133 463 5176
251 441 3410
248 171 6179
129 245 5767
276 375 4096
342 188 5883
256 418 3102
366 183 7481
441 132 5294
481 39 4128
431 333 7001
95 350 4338
3 320 7039
65 95 7042
191 369 7359
184 442 7523
198 497 5825
113 452 6309
72 357 6051
153 147 7320
142 287 4140
39 255 6663
257 161 3519
56 409 4788
259 233 6025
276 84 999
225 296 4674
157 55 3694
467 225 6376
23 1 4816
145 414 4857
225 30 3783
265 26 7100
355 258 7186
164 453 3814
161 352 7582
40 113 3924
306 348 6603
339 140 7021
52 365 4203
493 477 6279
34 244 6377
377 407 6207
80 87 4760
291 50 5327
62 116 3814
94 196 6812
482 481 4520
60 148 6061
484 156 5007
148 333 3591
258 487 4142
316 166 5931
470 62 6653
210 296 7862
122 452 6105
104 386 3404
487 486 4886
482 382 4342
463 231 4812
253 102 4901
362 286 4446
380 487 5597
376 241 5679
493 56 5604
16 26 3116
101 211 5582
319 82 7167
87 186 4341
436 16 5508
374 269 6181
239 464 8848
77 169 5591
295 353 5094
492 194 4335
241 157 3639
222 142 4502
307 480 6030
466 301 4404
273 398 5230
79 121 6370
239 152 5999
175 446 4449
452 126 4563
291 20 3976
95 184 6409
297 333 4477
203 418 3170
153 124 5735
377 45 4555
294 339 7506
292 202 7903
38 314 6176
447 260 6498
495 254 4620
310 342 3836
121 21 6077
409 4 5527
299 19 6544
266 106 5413
428 8 3730
118 400 5023
432 447 5851
371 288 3185
393 341 4003
267 140 7365
404 14 8041
237 360 5246
38 214 4739
224 86 5498
6 30 5222
27 144 7488
192 342 8401
218 437 5269
95 414 5564
295 397 4498
247 390 6614
251 367 5977
286 36 7196
115 180 6648
6 474 4762
457 238 5844
245 474 2993
68 339 6493
299 430 3072
196 174 5716
444 410 7858
43 250 6448
245 147 6166
39 345 7520
179 68 5251
348 458 3567
121 353 3835
103 246 7731
388 324 6207
499 282 3756
301 177 4751
94 86 6118
107 151 5199
44 37 3493
477 262 6416
272 1 8074
164 466 5647
182 337 3651
102 133 3912
457 67 7189
412 385 6378
370 391 4866
161 346 3633
124 303 4718
337 150 8478
470 462 4435
128 116 5677
167 285 5837
326 14 6134
180 348 6950
289 288 6190
422 320 5566
146 372 7164
128 133 6408
460 26 6972
259 14 3932
322 149 6647
461 90 2529
233 41 3727
58 239 6103
22 482 3210
340 393 5929
436 387 5074
300 195 5499
14 376 3102
340 445 3799
435 128 6943
188 103 3216
318 414 5174
142 114 6103
258 27 3298
131 137 3917
382 279 3775
476 10 7673
166 58 4031
447 129 6402
177 471 4822
291 374 4525
371 186 7294
37 457 5172
144 5 5956
172 413 4095
91 272 4446
418 219 3593
269 303 5742
184 277 5845
447 269 8318
396 77 3159
371 61 3180
54 425 2822
194 405 2674
358 306 7312
86 270 5616
58 493 6138
447 342 4942
30 2 7407
286 194 5248
243 13 5835
241 478 11780
140 80 5731
251 456 1859
404 35 5355
27 101 6853
430 32 3199
492 237 7220
381 252 5258
44 311 4586
222 233 4593
433 278 5815
101 113 8305
164 30 2759
423 35 5440
426 80 8797
74 304 7930
143 29 4749
448 42 4781
401 239 4199
143 205 6014
347 64 6095
310 115 3634
469 13 2613
76 461 5288
186 410 7408
2 441 6161
256 40 6263
242 281 6848
348 279 8028
210 253 4082
138 258 6582
228 329 6901
275 301 3893
363 349 3386
165 379 6023
100 91 9665
292 392 4559
492 299 4932
348 261 5932
60 302 5891
116 173 6284
34 177 2831
201 324 5398
262 22 6260
411 178 6899
81 22 4658
321 108 3241
124 493 6794
48 200 4450
26 203 8025
174 269 2973
97 0 6719
420 79 5051
160 118 4817
318 88 3839
7 371 6284
345 489 5245
383 327 5453
413 466 4841
499 440 2575
82 295 6813
399 296 3992
422 399 3855
232 138 5702
263 294 5200
182 141 3839
281 65 4585
239 317 5529
25 138 7664
236 290 4326
412 378 8696
241 212 5659
32 469 7306
92 345 4483
224 376 4317
176 367 5570
28 490 6874
299 33 3123
376 3 5425
322 7 5569
122 182 4754
416 403 4977
89 296 5738
462 239 5017
416 257 5505
97 243 4540
302 302 7008
238 305 6688
10 183 3337
473 287 2683
102 320 6979
141 491 5991
322 94 4597
exit